AccountID|CustomerID|LoanID|PostedTransactionID|ReversalTransactionID|TransactionReversalFlag|AmountAppliedToLoan|PrincipalPaymentApplied|FeePaymentApplied|FeeApplied|PaymentApplied|AdvanceApplied|PrincipalAmountAppliedToLoan|FeeAmountAppliedToLoan|NSFFeeAmountAppliedToLoan|LateFeeAmountAppliedToLoan|AmountAppliedToOtherFees|InterestAmountAppliedToLoan|TransactionAmount|TransactionCode
392068|200812202102|262911|343310874|0|False|-120.00|.00|-120.00|.00|-120.00|.00|.00|.00|.00|-120.00|.00|.00|-17066.72|8505
390212|2402202108|262918|343309643|0|False|14.00|.00|.00|14.00|.00|.00|.00|14.00|.00|.00|.00|.00|14.00|8590
390212|2402202108|262918|343310795|0|False|-847.34|-833.34|-14.00|.00|-847.34|.00|-833.34|-14.00|.00|.00|.00|.00|-847.34|8505
391241|2402202104|262921|343309706|0|False|14.00|.00|.00|14.00|.00|.00|.00|14.00|.00|.00|.00|.00|14.00|8590
391241|2402202104|262921|343310831|0|False|-847.34|-833.34|-14.00|.00|-847.34|.00|-833.34|-14.00|.00|.00|.00|.00|-2118.34|8505
392068|200812202102|262923|343309707|0|False|14.00|.00|.00|14.00|.00|.00|.00|14.00|.00|.00|.00|.00|14.00|8590
392068|200812202102|262923|343310874|0|False|-6778.72|-6666.72|-112.00|.00|-6778.72|.00|-6666.72|-112.00|.00|.00|.00|.00|-17066.72|8505
391241|2402202104|262941|343310831|0|False|-1271.00|-1250.00|-21.00|.00|-1271.00|.00|-1250.00|-21.00|.00|.00|.00|.00|-2118.34|8505
392068|200812202102|262943|343310874|0|False|-10168.00|-10000.00|-168.00|.00|-10168.00|.00|-10000.00|-168.00|.00|.00|.00|.00|-17066.72|8505
