AccountID|CustomerID|LoanID|PostedTransactionID|ReversalTransactionID|TransactionReversalFlag|AmountAppliedToLoan|PrincipalPaymentApplied|FeePaymentApplied|FeeApplied|PaymentApplied|AdvanceApplied|PrincipalAmountAppliedToLoan|FeeAmountAppliedToLoan|NSFFeeAmountAppliedToLoan|LateFeeAmountAppliedToLoan|AmountAppliedToOtherFees|InterestAmountAppliedToLoan|TransactionAmount|TransactionCode
392068|200812202102|262911|343306874|0|False|-100.00|.00|-100.00|.00|-100.00|.00|.00|.00|.00|-100.00|.00|.00|-14928.38|8505
390212|2402202108|262918|343305589|0|False|14.00|.00|.00|14.00|.00|.00|.00|14.00|.00|.00|.00|.00|14.00|8590
390212|2402202108|262918|343306795|0|False|-847.34|-833.34|-14.00|.00|-847.34|.00|-833.34|-14.00|.00|.00|.00|.00|-847.34|8505
391241|2402202104|262921|343305653|0|False|14.00|.00|.00|14.00|.00|.00|.00|14.00|.00|.00|.00|.00|14.00|8590
391241|2402202104|262921|343306831|0|False|-847.34|-833.34|-14.00|.00|-847.34|.00|-833.34|-14.00|.00|.00|.00|.00|-2118.34|8505
392068|200812202102|262923|343305658|0|False|14.00|.00|.00|14.00|.00|.00|.00|14.00|.00|.00|.00|.00|14.00|8590
392068|200812202102|262923|343306874|0|False|-5931.38|-5833.38|-98.00|.00|-5931.38|.00|-5833.38|-98.00|.00|.00|.00|.00|-14928.38|8505
391241|2402202104|262941|343306831|0|False|-1271.00|-1250.00|-21.00|.00|-1271.00|.00|-1250.00|-21.00|.00|.00|.00|.00|-2118.34|8505
392068|200812202102|262943|343306874|0|False|-8897.00|-8750.00|-147.00|.00|-8897.00|.00|-8750.00|-147.00|.00|.00|.00|.00|-14928.38|8505
