AccountID|CustomerID|LoanID|PostedTransactionID|ReversalTransactionID|TransactionReversalFlag|AmountAppliedToLoan|PrincipalPaymentApplied|FeePaymentApplied|FeeApplied|PaymentApplied|AdvanceApplied|PrincipalAmountAppliedToLoan|FeeAmountAppliedToLoan|NSFFeeAmountAppliedToLoan|LateFeeAmountAppliedToLoan|AmountAppliedToOtherFees|InterestAmountAppliedToLoan|TransactionAmount|TransactionCode
392068|200812202102|262911|343302878|0|False|-80.00|.00|-80.00|.00|-80.00|.00|.00|.00|.00|-80.00|.00|.00|-12790.04|8505
390212|2402202108|262918|343301542|0|False|14.00|.00|.00|14.00|.00|.00|.00|14.00|.00|.00|.00|.00|14.00|8590
390212|2402202108|262918|343302799|0|False|-847.34|-833.34|-14.00|.00|-847.34|.00|-833.34|-14.00|.00|.00|.00|.00|-847.34|8505
391241|2402202104|262921|343301597|0|False|14.00|.00|.00|14.00|.00|.00|.00|14.00|.00|.00|.00|.00|14.00|8590
391241|2402202104|262921|343302835|0|False|-847.34|-833.34|-14.00|.00|-847.34|.00|-833.34|-14.00|.00|.00|.00|.00|-2118.34|8505
392068|200812202102|262923|343301611|0|False|14.00|.00|.00|14.00|.00|.00|.00|14.00|.00|.00|.00|.00|14.00|8590
392068|200812202102|262923|343302878|0|False|-5084.04|-5000.04|-84.00|.00|-5084.04|.00|-5000.04|-84.00|.00|.00|.00|.00|-12790.04|8505
391241|2402202104|262941|343302835|0|False|-1271.00|-1250.00|-21.00|.00|-1271.00|.00|-1250.00|-21.00|.00|.00|.00|.00|-2118.34|8505
392068|200812202102|262943|343302878|0|False|-7626.00|-7500.00|-126.00|.00|-7626.00|.00|-7500.00|-126.00|.00|.00|.00|.00|-12790.04|8505
