AccountID|CustomerID|LoanID|PostedTransactionID|ReversalTransactionID|TransactionReversalFlag|AmountAppliedToLoan|PrincipalPaymentApplied|FeePaymentApplied|FeeApplied|PaymentApplied|AdvanceApplied|PrincipalAmountAppliedToLoan|FeeAmountAppliedToLoan|NSFFeeAmountAppliedToLoan|LateFeeAmountAppliedToLoan|AmountAppliedToOtherFees|InterestAmountAppliedToLoan|TransactionAmount|TransactionCode
392068|200812202102|262911|343297124|0|False|-60.00|.00|-60.00|.00|-60.00|.00|.00|.00|.00|-60.00|.00|.00|-10651.70|8505
390212|2402202108|262918|343297045|0|False|-847.34|-833.34|-14.00|.00|-847.34|.00|-833.34|-14.00|.00|.00|.00|.00|-847.34|8505
390212|2402202108|262918|343299484|0|False|14.00|.00|.00|14.00|.00|.00|.00|14.00|.00|.00|.00|.00|14.00|8590
391241|2402202104|262921|343297081|0|False|-847.34|-833.34|-14.00|.00|-847.34|.00|-833.34|-14.00|.00|.00|.00|.00|-2118.34|8505
391241|2402202104|262921|343299547|0|False|14.00|.00|.00|14.00|.00|.00|.00|14.00|.00|.00|.00|.00|14.00|8590
392068|200812202102|262923|343297124|0|False|-4236.70|-4166.70|-70.00|.00|-4236.70|.00|-4166.70|-70.00|.00|.00|.00|.00|-10651.70|8505
392068|200812202102|262923|343299596|0|False|14.00|.00|.00|14.00|.00|.00|.00|14.00|.00|.00|.00|.00|14.00|8590
391241|2402202104|262941|343297081|0|False|-1271.00|-1250.00|-21.00|.00|-1271.00|.00|-1250.00|-21.00|.00|.00|.00|.00|-2118.34|8505
392068|200812202102|262943|343297124|0|False|-6355.00|-6250.00|-105.00|.00|-6355.00|.00|-6250.00|-105.00|.00|.00|.00|.00|-10651.70|8505
